date,cases
2020-04-01,25,3281
2020-04-02,163,3444
2020-04-03,162,3606
2020-04-04,330,3936
2020-04-05,0,3936
2020-04-06,175,4111
2020-04-07,223,4334
2020-04-08,0.4334
2020-04-09,443,4777
2020-04-10,124,4864
2020-04-11,214,4988
2020-04-12,90,5078
2020-04-13,34,5112
2020-04-14,76,5188
2020-04-15,167,5355
2020-04-16,138,5493
2020-04-17,61,5554
2020-04-18,245,5799
2020-04-19,0,5702,-79
2020-04-20,122,5814
2020-04-21,155,5969
2020-04-22,134,6103
2020-04-23,55,6158
2020-04-24,216,6374
2020-04-25,105,6479
2020-04-26,61,6540
2020-04-27,97,6637
2020-04-28,145,6782
2020-04-29,190,6972
2020-04-30,87,7059
2020-05-01,25,7084
2020-05-02,70,7154
2020-05-03,62,7216
2020-05-04,86,7302
2020-05-05,221,7523
2020-05-06,224,7747
2020-05-07,192,7939
2020-05-08,257,8196
2020-05-09,166,8362
2020-05-10,86,8448
2020-05-11,159,8607
2020-05-12,311,8918
2020-05-13,72,8990
2020-05-14,399,9389
2020-05-15,281,9670
2020-05-16,156,9826
2020-05-17,78,9904
2020-05-18,110,10014
2020-05-19,269,10283
2020-05-20,112,10395
2020-05-21,288,10683
2020-05-22,166,10799
2020-05-23,189,10988
2020-05-24,85,11073
2020-05-25,163,11236
2020-05-26,254,11490
2020-05-27,63,11553
2020-05-28,269,11822
2020-05-29,227,12049
2020-05-30,143,12192
